#source, destination, rate_bps, delay_ms, pkt_loss, buffersize_pkts
15 0 400000000 15 0 500
0 1 40000000 15 0 500
0 2 40000000 15 0 500
1 3 30000000 15 0 500
1 4 30000000 15 0 500
2 5 30000000 15 0 500
3 6 20000000 15 0 500
4 7 20000000 15 0 500
3 8 20000000 15 0 500
5 8 20000000 15 0 500
4 9 20000000 15 0 500
5 9 20000000 15 0 500
6 10 10000000 15 0 500
6 11 15000000 15 0 500
7 11 10000000 15 0 500
7 12 15000000 15 0 500
8 12 10000000 15 0 500
8 13 15000000 15 0 500
8 14 10000000 15 0 500
9 13 10000000 15 0 500
9 14 15000000 15 0 500
